- name: tripod
  index: 0
  tog: 0.5
  RF: 0.0
  RM: 0.5
  RB: 0.0
  LB: 0.5
  LM: 0.0
  LF: 0.5

- name: wave
  index: 1
  tog: 0.833333
  RF: 0.0
  RM: 0.166666
  RB: 0.333333
  LB: 0.5
  LM: 0.666666
  LF: 0.833333

- name: ripple
  index: 2
  tog: 0.66666
  RF: 0.66666
  RM: 0.0
  RB: 0.333333
  LB: 0.66666
  LM: 0.333333
  LF: 0.0